101110001001101101010101010100101010100010101010101111111111110
101010111111111111010111000100110110101010101010010101010001010
010101010101001010101000101001010101010100101010100010101010111
010101001010101000101001010101010100101010100010101010111001100
010100010100101010101010010101010001010101010001101010100010101
000101001010101010100101010100011010010001010010101010101001010
010100011010010001010010010100011010010001010010010100011010010
111001010100100100111100101000110100100010100101110001000100011
010100010100101010101010010101010001110010101001001001111001010
111001010100100100111100101111100010100101001001000100010100101
